JDAY,DLT(s),ELWS(m),T2(C),U(ms-1),Q(m3s-1),SRON(Wm-2),EXT(m-1),DEPTH(m),WIDTH(m),SHADE,Tvolavg(C),NetRad(Wm-2),SWSolar(Wm-2),LWRad(Wm-2),BackRad(Wm-2),EvapF(Wm-2),ConducF(Wm-2),     TDS,    Gen1,    ISS1,     PO4,     NH4,     NO3,    LDOM,    RDOM,    LPOM,    RPOM,   1CBOD,   2CBOD,   3CBOD,   4CBOD,   5CBOD,   6CBOD,   7CBOD,   8CBOD,   9CBOD,  10CBOD,  1CBODP,  2CBODP,  3CBODP,  4CBODP,  5CBODP,  6CBODP,  7CBODP,  8CBODP,  9CBODP, 10CBODP,  1CBODN,  2CBODN,  3CBODN,  4CBODN,  5CBODN,  6CBODN,  7CBODN,  8CBODN,  9CBODN, 10CBODN,    ALG1,    ALG2,    ALG3,      DO,     TIC,     ALK,  LDOM_P,  RDOM_P,  LPOM_P,  RPOM_P,  LDOM_N,  RDOM_N,  LPOM_N,  RPOM_N,     EPI,     SED,    SEDP,    SEDN,    SEDC,     DOC,     TOC,     TON,     TKN,      TN,     TOP,      TP,    CHLA,     TSS,    CBOD,      pH, CO2GASX(kg/d),APLIM,APLIM,APLIM,ANLIM,ANLIM,ANLIM,ALLIM,ALLIM,ALLIM
200,5.5,533.093,16.991,2.367,150.732,0,0.36,8.038,11.2,0,16.991,-271.646,0,284.202,390.519,126.949,38.381,0.756,0,0,0.03,0.01,0.303,0.103,0.102,0.109,0.099,0,0,0,0,0,0,0,0,0.001,0,0,0,0,0,0,0,0,0,0,0,0,0,0,0,0,0,0,0,0,0,0.1,0.1,0.099,11.983,5.083,20.142,0.515,0.503,0.499,0.497,8.24,7.97,7.98,7.95,10,0,0,0,0,0.09,0.315,0.056,0.066,0.366,0.003,0.033,3,0.5,0.98,7.67,1.25E-08,0.909,0.909,0.909,0.957,0.957,0.957,0,0,0
200.1,10,529.048,15.114,1.924,38.782,0,0.907,3.992,8.5,0,15.114,-249.469,0,276.054,380.464,106.467,38.592,126,0.002,0.013,0.003,0.023,0.848,0.598,0.489,1.601,0.004,0.01,0.064,0.083,0,0,0.01,0,0.022,0.131,0,0,0,0,0,0,0,0,0.001,0,0,0.001,0.008,0.003,0,0,0.004,0,0.002,0.043,0,0.035,0.108,0.005,9.654,18.79,76.8,2.99,0.983,0.319,1.33E-03,47.8,2.41,5.1,2.12E-02,9.86,0.001,0,0.003,0.014,0.634,1.422,0.128,0.151,0.998,0.006,0.009,1.255,1.766,4.296,8.01,-6.47E-09,0.456,0.456,0.456,0.984,0.984,0.984,0,0,0
200.2,10,528.888,14.655,1.93,37.988,0,0.907,3.832,8.5,0,14.655,-274.71,0,270.708,378.05,115.375,51.994,125,0.002,0.013,0.003,0.03,0.852,0.599,0.49,1.601,0.004,0.01,0.064,0.083,0,0,0.01,0,0.022,0.132,0,0,0,0,0,0,0,0,0.001,0,0,0.001,0.008,0.003,0,0,0.004,0,0.002,0.043,0,0.034,0.108,0.005,9.458,18.869,76.7,3,0.984,0.317,1.31E-03,47.9,2.42,5.07,2.09E-02,9.722,0.003,0,0.006,0.032,0.635,1.424,0.128,0.158,1.01,0.006,0.01,1.237,1.765,4.3,7.94,-7.84E-09,0.521,0.521,0.521,0.984,0.984,0.984,0,0,0
200.3,10,528.897,14.236,1.935,38.211,196.603,0.907,3.842,8.5,1,14.236,47.495,185.475,299.423,375.848,61.24,0.314,125,0.002,0.013,0.004,0.039,0.856,0.61,0.491,1.601,0.004,0.01,0.064,0.084,0,0,0.01,0,0.023,0.132,0,0,0,0,0,0,0,0,0.001,0,0,0.001,0.008,0.003,0,0,0.004,0,0.002,0.043,0,0.035,0.113,0.005,9.184,18.885,76.62,3.05,0.986,0.317,1.29E-03,48.8,2.42,5.07,2.07E-02,9.643,0.007,0.001,0.009,0.052,0.641,1.432,0.13,0.169,1.025,0.006,0.011,1.291,1.771,4.325,7.92,-8.71E-09,0.589,0.589,0.589,0.985,0.985,0.985,0.722,0.608,0.464
200.4,10,528.916,14.096,1.943,38.651,564.151,0.912,3.861,8.5,1,14.096,474.601,532.218,335.119,375.119,54.279,-36.662,125,0.002,0.013,0.005,0.045,0.858,0.606,0.491,1.611,0.004,0.011,0.064,0.086,0,0,0.01,0,0.023,0.132,0,0,0,0,0,0,0,0,0.001,0,0,0.001,0.008,0.003,0,0,0.004,0,0.002,0.043,0,0.037,0.119,0.005,9.011,18.883,76.6,3.02,0.988,0.316,1.28E-03,48.5,2.42,5.06,2.05E-02,9.968,0.011,0.001,0.013,0.072,0.64,1.439,0.13,0.175,1.033,0.006,0.011,1.353,1.789,4.346,7.92,-8.76E-09,0.624,0.624,0.624,0.985,0.985,0.985,0.63,0.721,0.71
200.5,10,528.868,14.363,1.921,37.512,574.455,0.912,3.812,8.5,1,14.362,518.166,541.939,378.589,376.515,126.904,-101.057,125,0.002,0.013,0.005,0.042,0.859,0.597,0.492,1.611,0.004,0.011,0.063,0.091,0,0,0.01,0,0.023,0.133,0,0,0,0,0,0,0,0,0.001,0,0,0.001,0.008,0.003,0,0,0.004,0,0.002,0.043,0,0.036,0.122,0.005,9.089,18.882,76.5,2.98,0.989,0.313,1.27E-03,47.8,2.43,5.01,2.03E-02,10.356,0.014,0.001,0.016,0.093,0.64,1.44,0.13,0.172,1.031,0.006,0.011,1.351,1.791,4.346,7.9,-9.21E-09,0.619,0.619,0.619,0.985,0.985,0.985,0.625,0.724,0.718
200.6,10,528.894,14.917,1.932,38.118,555.158,0.908,3.838,8.5,1,14.916,506.196,523.734,385.832,379.426,83.139,-59.195,125,0.002,0.013,0.004,0.03,0.856,0.597,0.491,1.601,0.004,0.011,0.063,0.099,0,0,0.01,0,0.023,0.132,0,0,0,0,0,0,0,0,0.001,0,0,0.001,0.008,0.003,0,0,0.004,0,0.002,0.043,0,0.034,0.122,0.005,9.369,18.786,76.6,2.98,0.988,0.311,1.27E-03,47.7,2.42,4.97,2.03E-02,10.725,0.018,0.001,0.02,0.114,0.642,1.437,0.129,0.159,1.016,0.006,0.01,1.313,1.779,4.335,7.98,-7.04E-09,0.568,0.568,0.568,0.984,0.984,0.984,0.633,0.726,0.713
200.7,10,528.892,15.358,1.931,38.07,357.491,0.909,3.837,8.5,1,15.357,307.547,337.256,383.034,381.752,76.674,-45.684,125,0.002,0.013,0.003,0.019,0.849,0.601,0.491,1.601,0.004,0.011,0.062,0.107,0,0,0.01,0,0.023,0.132,0,0,0,0,0,0,0,0,0.001,0,0,0.001,0.008,0.003,0,0,0.004,0,0.002,0.043,0,0.034,0.125,0.005,9.661,18.707,76.6,3.01,0.989,0.312,1.28E-03,48.1,2.43,4.99,2.05E-02,11.037,0.021,0.001,0.024,0.136,0.647,1.443,0.13,0.149,0.998,0.006,0.009,1.322,1.782,4.351,8.04,-5.81E-09,0.486,0.486,0.486,0.984,0.984,0.984,0.708,0.72,0.632
200.8,10,528.839,15.617,1.907,36.837,94.394,0.917,3.784,8.5,0.1,15.617,-35.161,8.905,375.775,383.128,74.503,-37.79,125,0.002,0.013,0.002,0.014,0.838,0.607,0.495,1.621,0.004,0.011,0.062,0.112,0,0,0.01,0,0.023,0.132,0,0,0,0,0,0,0,0,0.001,0,0,0.001,0.008,0.003,0,0,0.004,0,0.002,0.043,0,0.034,0.127,0.005,9.846,18.691,76.5,3.03,0.996,0.315,1.30E-03,48.5,2.45,5.04,2.08E-02,11.216,0.025,0.002,0.028,0.158,0.653,1.459,0.13,0.145,0.983,0.006,0.009,1.335,1.804,4.4,8.03,-5.69E-09,0.413,0.413,0.413,0.984,0.984,0.984,0.1,0.055,0.033
200.9,10,528.797,15.708,1.887,35.875,0,0.924,3.742,8.5,0,15.708,-105.53,0,335.437,383.61,74.969,-17.613,125,0.002,0.013,0.002,0.014,0.833,0.618,0.496,1.639,0.005,0.011,0.062,0.116,0,0,0.01,0,0.023,0.131,0,0,0,0,0,0,0,0,0.001,0,0,0.001,0.008,0.003,0,0,0.004,0,0.002,0.043,0,0.033,0.126,0.005,9.925,18.69,76.4,3.09,0.998,0.316,1.31E-03,49.5,2.45,5.06,2.10E-02,11.059,0.029,0.002,0.032,0.18,0.66,1.473,0.131,0.145,0.978,0.006,0.008,1.318,1.82,4.443,8.01,-6.05E-09,0.379,0.379,0.379,0.984,0.984,0.984,0,0,0
201,10,528.795,15.561,1.887,35.833,0,0.932,3.74,8.5,0,15.561,-134.13,0,309.566,382.832,61.222,-0.359,125,0.002,0.013,0.002,0.018,0.83,0.617,0.498,1.661,0.005,0.011,0.061,0.118,0,0,0.011,0,0.023,0.131,0,0,0,0,0,0,0,0,0.001,0,0,0.001,0.008,0.003,0,0,0.004,0,0.002,0.043,0,0.032,0.123,0.005,9.878,18.69,76.4,3.09,1,0.32,1.33E-03,49.4,2.47,5.11,2.13E-02,10.905,0.033,0.002,0.036,0.203,0.662,1.483,0.131,0.148,0.978,0.006,0.008,1.278,1.838,4.472,8.01,-6.03E-09,0.41,0.41,0.41,0.984,0.984,0.984,0,0,0
201.1,10,528.79,15.304,1.884,35.704,0,0.932,3.734,8.5,0,15.304,-114.712,0,323.028,381.468,54.739,1.533,125,0.002,0.012,0.003,0.022,0.834,0.617,0.498,1.661,0.005,0.011,0.061,0.118,0,0,0.011,0,0.023,0.131,0,0,0,0,0,0,0,0,0.001,0,0,0.001,0.008,0.003,0,0,0.004,0,0.002,0.043,0,0.031,0.122,0.005,9.748,18.69,76.4,3.08,1,0.321,1.33E-03,49.4,2.47,5.13,2.13E-02,10.753,0.036,0.002,0.04,0.224,0.661,1.482,0.13,0.153,0.987,0.006,0.009,1.261,1.836,4.47,8.01,-5.99E-09,0.455,0.455,0.455,0.984,0.984,0.984,0,0,0
201.2,10,528.802,14.966,1.89,35.992,0,0.928,3.747,8.5,0,14.966,-121.383,0,318.535,379.683,56.511,3.724,125,0.002,0.012,0.003,0.029,0.841,0.617,0.494,1.651,0.005,0.01,0.06,0.122,0,0,0.011,0,0.023,0.13,0,0,0,0,0,0,0,0,0.001,0,0,0.001,0.007,0.003,0,0,0.004,0,0.002,0.042,0,0.031,0.122,0.005,9.551,18.788,76.5,3.09,0.996,0.32,1.32E-03,49.4,2.45,5.12,2.12E-02,10.603,0.04,0.003,0.044,0.246,0.661,1.477,0.13,0.159,1,0.006,0.009,1.258,1.826,4.452,7.96,-7.28E-09,0.511,0.511,0.511,0.984,0.984,0.984,0,0,0
201.3,10,528.811,14.636,1.894,36.209,141.19,0.924,3.756,8.5,1,14.636,33.809,133.198,329.041,377.948,60.184,-9.702,125,0.002,0.012,0.004,0.038,0.853,0.627,0.488,1.641,0.004,0.01,0.06,0.135,0,0,0.01,0,0.023,0.129,0,0,0,0,0,0,0,0,0,0,0,0.001,0.007,0.003,0,0,0.004,0,0.002,0.042,0,0.031,0.122,0.006,9.213,18.886,76.78,3.13,0.983,0.318,1.30E-03,50.1,2.42,5.1,2.09E-02,10.5,0.044,0.003,0.047,0.266,0.667,1.479,0.13,0.168,1.021,0.006,0.01,1.263,1.816,4.454,7.94,-7.88E-09,0.579,0.579,0.579,0.985,0.985,0.985,0.678,0.517,0.372
201.4,10,528.807,14.544,1.892,36.107,407.913,0.921,3.752,8.5,1,14.544,347.189,384.824,359.613,377.466,63.271,-43.488,126,0.002,0.011,0.005,0.043,0.867,0.62,0.48,1.631,0.004,0.01,0.059,0.166,0,0,0.01,0,0.023,0.127,0,0,0,0,0,0,0,0,0,0,0,0.001,0.007,0.003,0,0,0.004,0,0.002,0.041,0,0.032,0.126,0.006,8.982,19.08,77.1,3.1,0.967,0.315,1.28E-03,49.7,2.38,5.04,2.05E-02,10.779,0.047,0.003,0.051,0.287,0.673,1.483,0.129,0.172,1.039,0.006,0.011,1.304,1.811,4.455,7.87,-1.01E-08,0.611,0.611,0.611,0.985,0.985,0.985,0.693,0.734,0.666
201.5,10,528.798,14.846,1.888,35.888,778.642,0.913,3.742,8.5,1,14.844,727.445,734.568,375.215,379.048,61.54,-58.25,126.8,0.002,0.011,0.005,0.046,0.879,0.606,0.473,1.611,0.004,0.01,0.058,0.209,0,0,0.01,0,0.023,0.125,0,0,0,0,0,0,0,0,0,0,0,0.001,0.007,0.003,0,0,0.004,0,0.002,0.041,0,0.032,0.127,0.006,8.841,19.178,77.5,3.03,0.951,0.311,1.27E-03,48.5,2.34,4.99,2.04E-02,11.181,0.051,0.003,0.055,0.309,0.682,1.483,0.127,0.172,1.051,0.006,0.011,1.298,1.791,4.438,7.86,-1.04E-08,0.626,0.626,0.626,0.985,0.985,0.985,0.543,0.69,0.741
201.6,10,528.789,15.255,1.883,35.669,554.064,0.913,3.733,8.5,1,15.253,549.472,522.701,410.159,381.205,97.79,-95.607,127,0.002,0.011,0.004,0.038,0.882,0.605,0.469,1.611,0.004,0.01,0.058,0.244,0,0,0.01,0,0.022,0.124,0,0,0,0,0,0,0,0,0,0,0,0.001,0.007,0.003,0,0,0.004,0,0.002,0.04,0,0.032,0.131,0.006,9.013,19.18,77.68,3.03,0.944,0.313,1.28E-03,48.4,2.32,5.01,2.05E-02,11.584,0.054,0.003,0.059,0.331,0.694,1.497,0.126,0.164,1.046,0.006,0.011,1.322,1.795,4.47,7.89,-9.80E-09,0.599,0.599,0.599,0.985,0.985,0.985,0.632,0.734,0.725
201.7,10,528.817,15.548,1.896,36.32,356.229,0.914,3.762,8.5,1,15.547,343.445,336.065,402.489,382.76,80.594,-68.246,127,0.002,0.011,0.003,0.026,0.879,0.61,0.467,1.611,0.004,0.009,0.057,0.269,0,0,0.01,0,0.022,0.123,0,0,0,0,0,0,0,0,0,0,0,0.001,0.007,0.003,0,0,0.004,0,0.002,0.04,0,0.033,0.136,0.005,9.333,19.084,77.7,3.05,0.94,0.316,1.30E-03,48.7,2.32,5.06,2.08E-02,11.949,0.058,0.004,0.063,0.354,0.705,1.511,0.126,0.153,1.032,0.006,0.01,1.364,1.801,4.504,7.95,-7.83E-09,0.537,0.537,0.537,0.985,0.985,0.985,0.711,0.728,0.64
201.8,10,528.836,15.651,1.897,36.684,93.266,0.922,3.78,8.5,0.1,15.651,-36.024,8.799,367.46,383.308,107.037,-78.063,127,0.002,0.012,0.003,0.018,0.869,0.625,0.471,1.631,0.004,0.009,0.057,0.284,0,0,0.01,0,0.022,0.123,0,0,0,0,0,0,0,0,0,0,0,0.001,0.007,0.003,0,0,0.004,0,0.002,0.04,0,0.035,0.142,0.005,9.63,18.989,77.68,3.12,0.948,0.324,1.34E-03,50,2.34,5.19,2.14E-02,12.161,0.062,0.004,0.067,0.377,0.721,1.539,0.129,0.146,1.015,0.006,0.009,1.43,1.829,4.585,8.02,-6.07E-09,0.458,0.458,0.458,0.984,0.984,0.984,0.099,0.054,0.033
201.9,10,528.721,15.77,1.842,34.076,0,0.918,3.666,8.5,0,15.77,-94.178,0,337.187,383.941,55.414,-7.99,127,0.002,0.012,0.002,0.016,0.865,0.63,0.468,1.621,0.005,0.009,0.056,0.296,0,0,0.01,0,0.022,0.121,0,0,0,0,0,0,0,0,0,0,0,0.001,0.007,0.003,0,0,0.004,0,0.002,0.039,0,0.034,0.14,0.005,9.778,18.99,77.7,3.15,0.943,0.327,1.35E-03,50.4,2.33,5.23,2.16E-02,11.991,0.065,0.004,0.071,0.4,0.726,1.538,0.128,0.144,1.009,0.006,0.008,1.407,1.816,4.579,8.02,-5.79E-09,0.405,0.405,0.405,0.984,0.984,0.984,0,0,0
202,10,528.678,15.601,1.821,33.101,0,0.922,3.622,8.5,0,15.601,-151.343,0,295.107,383.042,50.32,13.088,127,0.002,0.012,0.002,0.019,0.863,0.627,0.469,1.631,0.005,0.009,0.056,0.307,0,0,0.01,0,0.022,0.12,0,0,0,0,0,0,0,0,0,0,0,0.001,0.007,0.003,0,0,0.004,0,0.002,0.039,0,0.034,0.137,0.004,9.76,18.99,77.6,3.14,0.944,0.332,1.38E-03,50.2,2.33,5.32,2.20E-02,11.824,0.069,0.004,0.075,0.423,0.729,1.544,0.127,0.147,1.01,0.006,0.008,1.385,1.823,4.595,8.01,-5.88E-09,0.423,0.423,0.423,0.984,0.984,0.984,0,0,0
202.1,10,528.663,15.334,1.815,32.782,0,0.926,3.608,8.5,0,15.334,-110.478,0,332.924,381.627,49.505,12.27,127,0.002,0.012,0.003,0.024,0.864,0.629,0.47,1.641,0.005,0.009,0.055,0.32,0,0,0.01,0,0.022,0.119,0,0,0,0,0,0,0,0,0,0,0,0.001,0.007,0.003,0,0,0.004,0,0.002,0.039,0,0.034,0.138,0.004,9.669,18.99,77.6,3.15,0.946,0.339,1.40E-03,50.4,2.34,5.42,2.24E-02,11.659,0.073,0.005,0.079,0.446,0.736,1.556,0.127,0.152,1.016,0.006,0.009,1.395,1.834,4.626,8.01,-5.83E-09,0.463,0.463,0.463,0.984,0.984,0.984,0,0,0
202.2,10,528.65,15.004,1.808,32.484,0,0.926,3.595,8.5,0,15.004,-110.166,0,329.511,379.884,47.842,11.951,127,0.002,0.012,0.003,0.031,0.869,0.631,0.469,1.641,0.005,0.009,0.055,0.331,0,0,0.01,0,0.022,0.118,0,0,0,0,0,0,0,0,0,0,0,0.001,0.006,0.003,0,0,0.004,0,0.002,0.038,0,0.035,0.14,0.004,9.493,19.087,77.6,3.16,0.944,0.344,1.41E-03,50.5,2.33,5.51,2.26E-02,11.497,0.077,0.005,0.083,0.469,0.741,1.562,0.127,0.159,1.027,0.006,0.01,1.415,1.837,4.641,7.94,-7.49E-09,0.518,0.518,0.518,0.985,0.985,0.985,0,0,0
202.3,10,528.662,14.656,1.814,32.761,139.679,0.927,3.607,8.5,1,14.656,20.596,131.773,319.508,378.052,51.304,1.328,127,0.002,0.012,0.004,0.038,0.875,0.641,0.466,1.641,0.005,0.009,0.054,0.337,0,0,0.01,0,0.022,0.117,0,0,0,0,0,0,0,0,0,0,0,0.001,0.006,0.003,0,0,0.004,0,0.002,0.038,0,0.037,0.145,0.004,9.268,19.183,77.7,3.2,0.938,0.349,1.42E-03,51.2,2.32,5.59,2.28E-02,11.383,0.081,0.005,0.087,0.491,0.745,1.57,0.128,0.166,1.041,0.006,0.01,1.477,1.843,4.663,7.89,-8.93E-09,0.574,0.574,0.574,0.985,0.985,0.985,0.698,0.535,0.385
202.4,10,528.642,14.459,1.804,32.3,406.389,0.924,3.587,8.5,1,14.458,333.474,383.386,348.476,377.017,57.658,-36.288,127,0.002,0.011,0.005,0.041,0.885,0.638,0.461,1.631,0.005,0.009,0.054,0.342,0,0,0.01,0,0.022,0.115,0,0,0,0,0,0,0,0,0,0,0,0.001,0.006,0.003,0,0,0.004,0,0.002,0.037,0,0.04,0.155,0.004,9.144,19.181,77.879,3.18,0.928,0.352,1.43E-03,51,2.3,5.63,2.29E-02,11.683,0.084,0.005,0.091,0.513,0.743,1.568,0.128,0.169,1.054,0.006,0.011,1.592,1.846,4.658,7.93,-8.00E-09,0.604,0.604,0.604,0.985,0.985,0.985,0.698,0.753,0.688
202.5,10,528.678,14.384,1.82,33.094,788.346,0.921,3.622,8.5,1,14.383,700.84,743.722,342.593,376.624,42.213,-33.361,128,0.002,0.011,0.005,0.044,0.899,0.621,0.452,1.621,0.005,0.009,0.052,0.346,0,0,0.01,0,0.021,0.112,0,0,0,0,0,0,0,0,0,0,0,0.001,0.006,0.003,0,0,0.004,0,0.002,0.036,0,0.042,0.163,0.004,9.077,19.377,78.2,3.1,0.911,0.351,1.42E-03,49.7,2.25,5.62,2.27E-02,12.099,0.088,0.006,0.095,0.536,0.731,1.556,0.126,0.17,1.068,0.006,0.011,1.672,1.846,4.621,7.85,-1.03E-08,0.626,0.626,0.626,0.985,0.985,0.985,0.531,0.691,0.75
202.6,10,528.633,14.51,1.798,32.1,761.912,0.911,3.578,8.5,1,14.509,701.296,718.785,365.516,377.287,75.668,-69.951,129,0.002,0.011,0.005,0.036,0.912,0.602,0.44,1.593,0.004,0.008,0.051,0.35,0,0,0.01,0,0.021,0.108,0,0,0,0,0,0,0,0,0,0,0,0.001,0.006,0.003,0,0,0.004,0,0.002,0.035,0,0.042,0.167,0.004,9.271,19.478,78.8,3.01,0.886,0.348,1.41E-03,48.2,2.19,5.57,2.25E-02,12.526,0.092,0.006,0.099,0.56,0.716,1.531,0.123,0.159,1.071,0.006,0.011,1.703,1.822,4.542,7.88,-9.29E-09,0.603,0.603,0.603,0.985,0.985,0.985,0.532,0.699,0.76
202.7,10,528.672,14.81,1.818,32.964,354.901,0.906,3.617,8.5,1,14.81,315.488,334.812,383.702,378.862,104.933,-80.769,130,0.002,0.011,0.004,0.026,0.916,0.595,0.432,1.581,0.004,0.008,0.05,0.362,0,0,0.01,0,0.02,0.106,0,0,0,0,0,0,0,0,0,0,0,0.001,0.006,0.003,0,0,0.004,0,0.002,0.034,0,0.043,0.171,0.003,9.553,19.483,79.28,2.97,0.87,0.348,1.41E-03,47.6,2.15,5.56,2.25E-02,12.919,0.096,0.006,0.104,0.585,0.712,1.524,0.122,0.148,1.064,0.006,0.01,1.73,1.814,4.518,7.95,-7.52E-09,0.552,0.552,0.552,0.985,0.985,0.985,0.722,0.75,0.662
202.8,10,528.672,14.887,1.818,32.97,92.087,0.911,3.617,8.5,0.1,14.887,-32.021,8.687,366.288,379.268,68.326,-40.597,130.792,0.002,0.011,0.003,0.018,0.911,0.603,0.429,1.591,0.004,0.008,0.05,0.382,0,0,0.01,0,0.02,0.104,0,0,0,0,0,0,0,0,0,0,0,0.001,0.006,0.003,0,0,0.004,0,0.002,0.034,0,0.044,0.175,0.003,9.819,19.489,79.579,3.02,0.863,0.351,1.42E-03,48.3,2.14,5.62,2.28E-02,13.147,0.1,0.006,0.108,0.61,0.723,1.541,0.123,0.141,1.052,0.006,0.009,1.776,1.83,4.564,8,-6.30E-09,0.48,0.48,0.48,0.985,0.985,0.985,0.102,0.056,0.034
202.9,10,528.653,14.988,1.81,32.562,0,0.906,3.598,8.5,0,14.988,-126.68,0,300.678,379.797,49.066,-1.505,131,0.002,0.011,0.002,0.017,0.91,0.61,0.423,1.581,0.004,0.008,0.049,0.406,0,0,0.009,0,0.02,0.102,0,0,0,0,0,0,0,0,0,0,0,0.001,0.006,0.003,0,0,0.004,0,0.002,0.033,0,0.042,0.169,0.003,9.898,19.491,79.8,3.05,0.853,0.351,1.43E-03,48.7,2.12,5.62,2.29E-02,12.964,0.103,0.007,0.113,0.634,0.732,1.542,0.122,0.139,1.049,0.006,0.008,1.707,1.811,4.56,8.04,-5.37E-09,0.431,0.431,0.431,0.985,0.985,0.985,0,0,0
203,10,528.654,14.93,1.81,32.582,0,0.913,3.599,8.5,0,14.93,-105.423,0,319.566,379.494,43.561,1.934,131,0.002,0.012,0.002,0.019,0.906,0.606,0.423,1.601,0.005,0.008,0.049,0.432,0,0,0.009,0,0.02,0.101,0,0,0,0,0,0,0,0,0,0,0,0.001,0.006,0.003,0,0,0.004,0,0.002,0.033,0,0.04,0.162,0.003,9.902,19.589,80,3.03,0.851,0.355,1.45E-03,48.5,2.12,5.69,2.33E-02,12.783,0.107,0.007,0.117,0.658,0.742,1.557,0.12,0.139,1.045,0.006,0.008,1.63,1.822,4.595,8,-6.30E-09,0.422,0.422,0.422,0.985,0.985,0.985,0,0,0
203.1,10,528.634,14.811,1.8,32.129,0,0.912,3.578,8.5,0,14.811,-60.582,0,349.288,378.866,34.572,-3.567,132,0.002,0.012,0.002,0.023,0.907,0.606,0.421,1.601,0.005,0.008,0.049,0.455,0,0,0.009,0,0.02,0.1,0,0,0,0,0,0,0,0,0,0,0,0.001,0.006,0.003,0,0,0.004,0,0.002,0.032,0,0.039,0.157,0.003,9.809,19.687,80.1,3.03,0.849,0.359,1.47E-03,48.5,2.11,5.74,2.35E-02,12.605,0.111,0.007,0.121,0.682,0.75,1.562,0.12,0.142,1.049,0.006,0.009,1.578,1.816,4.605,7.95,-7.50E-09,0.45,0.45,0.45,0.985,0.985,0.985,0,0,0
203.2,10,528.627,14.604,1.797,31.983,0,0.912,3.572,8.5,0,14.604,-99.183,0,322.323,377.78,43.114,0.612,132,0.002,0.012,0.003,0.029,0.911,0.607,0.418,1.601,0.005,0.008,0.049,0.469,0,0,0.009,0,0.02,0.098,0,0,0,0,0,0,0,0,0,0,0,0.001,0.006,0.003,0,0,0.004,0,0.002,0.032,0,0.038,0.155,0.002,9.629,19.785,80.3,3.04,0.843,0.359,1.47E-03,48.6,2.1,5.75,2.36E-02,12.429,0.114,0.007,0.125,0.706,0.755,1.566,0.119,0.148,1.059,0.006,0.009,1.553,1.813,4.611,7.92,-8.32E-09,0.501,0.501,0.501,0.985,0.985,0.985,0,0,0
203.3,10,528.616,14.334,1.792,31.737,138.142,0.912,3.561,8.5,1,14.334,42.756,130.323,333.552,376.365,63.391,-18.637,132,0.002,0.011,0.004,0.035,0.919,0.62,0.416,1.601,0.005,0.008,0.049,0.469,0,0,0.009,0,0.02,0.097,0,0,0,0,0,0,0,0,0,0,0,0.001,0.006,0.003,0,0,0.004,0,0.002,0.032,0,0.039,0.157,0.003,9.35,19.882,80.5,3.1,0.837,0.36,1.47E-03,49.5,2.08,5.76,2.36E-02,12.306,0.118,0.008,0.129,0.729,0.76,1.572,0.12,0.155,1.074,0.006,0.01,1.583,1.816,4.628,7.89,-9.16E-09,0.561,0.561,0.561,0.986,0.986,0.986,0.708,0.541,0.389
203.4,10,528.608,14.248,1.788,31.572,404.831,0.91,3.553,8.5,1,14.247,396.978,381.916,371.796,375.914,51.484,-70.664,132,0.002,0.011,0.004,0.038,0.925,0.619,0.413,1.591,0.005,0.008,0.049,0.463,0,0,0.009,0,0.02,0.096,0,0,0,0,0,0,0,0,0,0,0,0.001,0.006,0.003,0,0,0.004,0,0.002,0.031,0,0.042,0.168,0.003,9.187,19.957,80.6,3.09,0.833,0.362,1.47E-03,49.5,2.07,5.79,2.36E-02,12.619,0.122,0.008,0.134,0.752,0.755,1.568,0.121,0.159,1.084,0.006,0.011,1.69,1.819,4.621,7.87,-9.76E-09,0.593,0.593,0.593,0.986,0.986,0.986,0.702,0.763,0.699
203.5,10,528.655,14.405,1.811,32.603,570.862,0.911,3.6,8.5,1,14.404,560.561,538.549,383.624,376.734,44.38,-59.502,132,0.002,0.011,0.005,0.041,0.933,0.608,0.41,1.591,0.005,0.008,0.049,0.456,0,0,0.009,0,0.02,0.095,0,0,0,0,0,0,0,0,0,0,0,0.001,0.006,0.003,0,0,0.004,0,0.002,0.031,0,0.042,0.177,0.003,9.048,19.976,80.7,3.04,0.826,0.361,1.46E-03,48.7,2.06,5.78,2.34E-02,13.045,0.126,0.008,0.138,0.775,0.745,1.563,0.12,0.162,1.094,0.006,0.011,1.749,1.829,4.608,7.86,-1.03E-08,0.623,0.623,0.623,0.986,0.986,0.986,0.62,0.743,0.746
203.6,10,528.461,14.705,1.897,31.278,661.688,0.915,3.406,7.3,1,14.703,669.714,624.234,377.601,378.306,71.891,-118.077,132,0.002,0.01,0.005,0.035,0.934,0.607,0.408,1.601,0.005,0.007,0.049,0.449,0,0,0.009,0,0.02,0.095,0,0,0,0,0,0,0,0,0,0,0,0.001,0.006,0.003,0,0,0.004,0,0.002,0.031,0,0.043,0.185,0.003,9.222,19.978,80.8,3.03,0.823,0.363,1.45E-03,48.5,2.05,5.81,2.33E-02,13.487,0.129,0.008,0.142,0.799,0.741,1.568,0.121,0.156,1.089,0.006,0.011,1.8,1.847,4.624,7.87,-9.22E-09,0.605,0.605,0.605,0.986,0.986,0.986,0.562,0.732,0.778
203.7,10,528.606,15.154,1.853,31.874,472.212,0.912,3.551,8.5,1,15.153,423.377,445.483,338.842,380.673,3.435,-23.16,132,0.002,0.01,0.004,0.026,0.933,0.606,0.405,1.591,0.005,0.007,0.05,0.437,0,0,0.009,0,0.021,0.095,0,0,0,0,0,0,0,0,0,0,0,0.001,0.005,0.003,0,0,0.004,0,0.002,0.031,0,0.042,0.189,0.003,9.494,19.882,80.9,3.03,0.816,0.363,1.44E-03,48.4,2.03,5.81,2.31E-02,13.901,0.132,0.009,0.146,0.823,0.733,1.557,0.121,0.147,1.08,0.006,0.01,1.806,1.84,4.596,7.95,-7.50E-09,0.561,0.561,0.561,0.986,0.986,0.986,0.666,0.761,0.728
203.8,10,528.614,15.443,1.857,32.044,90.858,0.912,3.559,8.5,0.1,15.443,-11.423,8.572,359.298,382.206,24.196,-27.108,132,0.002,0.01,0.003,0.018,0.926,0.612,0.402,1.591,0.005,0.007,0.05,0.427,0,0,0.009,0,0.021,0.094,0,0,0,0,0,0,0,0,0,0,0,0.001,0.005,0.003,0,0,0.004,0,0.002,0.031,0,0.042,0.193,0.004,9.767,19.886,81,3.05,0.81,0.364,1.44E-03,48.9,2.02,5.82,2.30E-02,14.14,0.136,0.009,0.151,0.849,0.73,1.555,0.121,0.139,1.065,0.006,0.009,1.818,1.844,4.594,7.96,-7.30E-09,0.485,0.485,0.485,0.985,0.985,0.985,0.103,0.056,0.034
203.9,10,528.615,15.548,1.858,32.059,0,0.912,3.56,8.5,0,15.548,-78.416,0,316.571,382.762,19.817,-7.592,132,0.002,0.01,0.002,0.014,0.919,0.629,0.4,1.591,0.005,0.007,0.049,0.42,0,0,0.009,0,0.021,0.093,0,0,0,0,0,0,0,0,0,0,0,0.001,0.005,0.003,0,0,0.004,0,0.002,0.03,0,0.041,0.19,0.004,9.931,19.791,81.1,3.14,0.805,0.365,1.44E-03,50.3,2.01,5.84,2.30E-02,13.942,0.14,0.009,0.155,0.874,0.733,1.557,0.122,0.136,1.056,0.006,0.009,1.784,1.84,4.603,8.05,-5.21E-09,0.412,0.412,0.412,0.985,0.985,0.985,0,0,0
204,10,528.6,15.422,1.851,31.741,0,0.927,3.545,8.5,0,15.422,-106.659,0,296.387,382.093,18.943,2.01,132.789,0.002,0.011,0.002,0.017,0.913,0.63,0.401,1.631,0.005,0.007,0.05,0.423,0,0,0.009,0,0.021,0.093,0,0,0,0,0,0,0,0,0,0,0,0.001,0.005,0.003,0,0,0.004,0,0.002,0.03,0,0.039,0.184,0.003,9.944,19.889,81.279,3.15,0.808,0.372,1.46E-03,50.4,2.02,5.95,2.34E-02,13.748,0.143,0.009,0.16,0.899,0.735,1.574,0.122,0.139,1.052,0.006,0.008,1.722,1.873,4.654,8.01,-6.29E-09,0.406,0.406,0.406,0.985,0.985,0.985,0,0,0
204.1,10,528.663,15.174,1.88,33.069,0,0.931,3.607,8.5,0,15.174,-120.756,0,291.546,380.781,25.099,6.422,133,0.002,0.011,0.002,0.022,0.913,0.631,0.401,1.641,0.005,0.007,0.05,0.429,0,0,0.009,0,0.021,0.093,0,0,0,0,0,0,0,0,0,0,0,0.001,0.005,0.003,0,0,0.004,0,0.002,0.03,0,0.039,0.181,0.003,9.844,19.987,81.4,3.16,0.807,0.377,1.47E-03,50.5,2.02,6.03,2.35E-02,13.557,0.147,0.01,0.164,0.923,0.738,1.579,0.121,0.143,1.056,0.006,0.009,1.692,1.879,4.669,7.96,-7.48E-09,0.442,0.442,0.442,0.985,0.985,0.985,0,0,0
204.2,10,528.658,14.816,1.878,32.969,0,0.926,3.603,8.5,0,14.816,-130.547,0,285.401,378.892,26.914,10.142,133,0.002,0.012,0.003,0.028,0.917,0.632,0.397,1.631,0.005,0.007,0.05,0.434,0,0,0.009,0,0.021,0.092,0,0,0,0,0,0,0,0,0,0,0,0.001,0.005,0.003,0,0,0.004,0,0.002,0.03,0,0.038,0.178,0.002,9.667,20.085,81.6,3.16,0.8,0.378,1.47E-03,50.6,2,6.05,2.35E-02,13.368,0.15,0.01,0.168,0.946,0.739,1.573,0.121,0.149,1.066,0.006,0.009,1.667,1.866,4.65,7.93,-8.29E-09,0.494,0.494,0.494,0.985,0.985,0.985,0,0,0
204.3,10,528.66,14.438,1.878,33.006,206.182,0.927,3.605,8.5,1,14.438,116.383,194.511,304.474,376.907,16.018,-10.324,133,0.002,0.012,0.004,0.034,0.924,0.646,0.393,1.631,0.005,0.007,0.05,0.431,0,0,0.009,0,0.02,0.091,0,0,0,0,0,0,0,0,0,0,0,0.001,0.005,0.003,0,0,0.004,0,0.002,0.029,0,0.04,0.182,0.002,9.437,20.182,81.879,3.22,0.792,0.379,1.46E-03,51.6,1.98,6.06,2.33E-02,13.253,0.154,0.01,0.172,0.969,0.741,1.578,0.122,0.155,1.079,0.006,0.01,1.716,1.872,4.666,7.91,-8.89E-09,0.551,0.551,0.551,0.986,0.986,0.986,0.747,0.641,0.494
204.4,10,528.671,14.281,1.884,33.255,555.656,0.924,3.616,8.5,1,14.28,519.16,524.204,346.484,376.085,18.479,-43.036,133,0.002,0.012,0.004,0.036,0.931,0.642,0.389,1.621,0.005,0.007,0.05,0.422,0,0,0.009,0,0.02,0.09,0,0,0,0,0,0,0,0,0,0,0,0.001,0.005,0.003,0,0,0.004,0,0.002,0.029,0,0.042,0.194,0.002,9.273,20.278,82.1,3.21,0.784,0.379,1.45E-03,51.4,1.96,6.06,2.31E-02,13.623,0.158,0.01,0.177,0.993,0.733,1.572,0.122,0.159,1.089,0.007,0.011,1.82,1.875,4.65,7.89,-9.58E-09,0.587,0.587,0.587,0.986,0.986,0.986,0.631,0.741,0.735
204.5,10,528.657,14.42,1.877,32.95,784.878,0.921,3.602,8.5,1,14.418,768.91,740.451,378.511,376.813,37.746,-64.506,134,0.002,0.011,0.005,0.039,0.94,0.628,0.382,1.611,0.004,0.007,0.05,0.405,0,0,0.009,0,0.02,0.088,0,0,0,0,0,0,0,0,0,0,0,0.001,0.005,0.003,0,0,0.004,0,0.002,0.029,0,0.041,0.201,0.003,9.125,20.377,82.379,3.14,0.771,0.376,1.42E-03,50.3,1.93,6.01,2.27E-02,14.06,0.161,0.011,0.181,1.017,0.715,1.552,0.121,0.16,1.1,0.006,0.011,1.848,1.872,4.598,7.87,-1.02E-08,0.612,0.612,0.612,0.986,0.986,0.986,0.531,0.693,0.752
204.6,10,528.659,14.79,1.879,32.997,758.534,0.917,3.604,8.5,1,14.788,765.324,715.599,397.098,378.757,53.801,-85.185,134,0.002,0.01,0.004,0.033,0.946,0.617,0.376,1.601,0.004,0.007,0.05,0.374,0,0,0.009,0,0.02,0.087,0,0,0,0,0,0,0,0,0,0,0,0.001,0.005,0.003,0,0,0.004,0,0.002,0.028,0,0.04,0.206,0.003,9.26,20.476,82.78,3.08,0.759,0.372,1.39E-03,49.3,1.9,5.95,2.23E-02,14.503,0.165,0.011,0.185,1.042,0.692,1.527,0.12,0.153,1.099,0.006,0.011,1.85,1.865,4.533,7.87,-1.03E-08,0.588,0.588,0.588,0.986,0.986,0.986,0.539,0.699,0.754
204.7,10,528.646,15.167,1.874,32.731,485.118,0.91,3.591,8.5,1,15.166,500.688,457.658,399.914,380.743,56.778,-80.636,135,0.002,0.009,0.003,0.023,0.946,0.611,0.37,1.581,0.004,0.006,0.05,0.337,0,0,0.009,0,0.02,0.085,0,0,0,0,0,0,0,0,0,0,0,0.001,0.005,0.003,0,0,0.004,0,0.002,0.028,0,0.038,0.211,0.004,9.513,20.48,83.179,3.05,0.746,0.368,1.37E-03,48.8,1.87,5.89,2.19E-02,14.905,0.168,0.011,0.19,1.067,0.67,1.497,0.119,0.142,1.088,0.006,0.01,1.842,1.848,4.454,7.92,-8.80E-09,0.529,0.529,0.529,0.986,0.986,0.986,0.661,0.756,0.728
204.8,10,528.638,15.518,1.868,32.536,137.897,0.905,3.583,8.5,0.1,15.518,1.455,13.009,371.182,382.601,63.308,-63.173,135,0.002,0.009,0.002,0.016,0.943,0.609,0.362,1.571,0.004,0.006,0.051,0.292,0,0,0.009,0,0.02,0.084,0,0,0,0,0,0,0,0,0,0,0,0.001,0.005,0.003,0,0,0.004,0,0.002,0.027,0,0.036,0.211,0.004,9.728,20.486,83.579,3.04,0.731,0.365,1.34E-03,48.7,1.83,5.84,2.15E-02,15.174,0.172,0.012,0.194,1.093,0.645,1.467,0.118,0.134,1.077,0.006,0.009,1.8,1.835,4.378,7.98,-7.20E-09,0.447,0.447,0.447,0.986,0.986,0.986,0.149,0.083,0.051
204.9,10,528.572,15.558,1.837,31.146,0,0.909,3.516,8.5,0,15.558,-72.144,0,341.67,382.816,77.722,-46.724,135,0.002,0.009,0.002,0.016,0.939,0.619,0.359,1.581,0.004,0.006,0.051,0.255,0,0,0.008,0,0.02,0.083,0,0,0,0,0,0,0,0,0,0,0,0.001,0.005,0.003,0,0,0.004,0,0.002,0.027,0,0.035,0.208,0.004,9.829,20.489,83.8,3.09,0.725,0.367,1.34E-03,49.5,1.82,5.87,2.15E-02,14.962,0.175,0.012,0.199,1.118,0.631,1.456,0.118,0.134,1.073,0.006,0.008,1.753,1.841,4.359,8.02,-6.06E-09,0.395,0.395,0.395,0.986,0.986,0.986,0,0,0
205,10,528.444,15.482,1.885,30.925,0,0.916,3.389,7.3,0,15.482,-101.608,0,330.144,382.412,93.427,-44.087,135,0.002,0.009,0.002,0.019,0.938,0.612,0.356,1.601,0.004,0.006,0.052,0.225,0,0,0.008,0,0.02,0.083,0,0,0,0,0,0,0,0,0,0,0,0.001,0.005,0.003,0,0,0.004,0,0.002,0.027,0,0.032,0.2,0.004,9.782,20.587,84,3.06,0.719,0.369,1.34E-03,48.9,1.8,5.9,2.15E-02,14.753,0.179,0.012,0.204,1.144,0.613,1.442,0.116,0.135,1.073,0.006,0.008,1.666,1.85,4.328,7.98,-6.93E-09,0.4,0.4,0.4,0.986,0.986,0.986,0,0,0
